0.34712676123517 0.06315261343403 0.22010678107006 -0.16636296168593 -0.04058079155287 0.86263895907132 0.08084766574066 -0.09581705897053 -0.09678041546568 -0.10097107848324 -0.07934939249100 -0.09750627205536 -0.05015669520722
0.09296313136702 -0.15627222928542 -0.05657012302549 0.31768130347146 -0.08885822551816 0.03358060729932 -0.03271353652983 -0.39787655503567 -0.25410344199754 0.14219716055578 -0.10681284511996 0.65851357385011 -0.40568236920699
-0.70682586352094 -0.37203029386378 -0.26958142212833 0.15057501456145 0.05750396422361 0.39366501657114 0.09300549560008 -0.05231210616466 -0.00183261833412 0.22100092528243 -0.02933988459495 -0.21044786457342 -0.05462921475545
-0.42082236111908 0.42107594002323 -0.10053583159369 -0.36106517935266 0.11151159658023 0.10183316518833 -0.20959006020667 0.02583862615860 0.22485491147853 -0.39921487820655 -0.25844245944950 0.33395895921477 -0.22242813853819
0.25350181526223 -0.09604710849307 -0.42924415476950 0.09141810383626 0.07281045413890 0.05907204867127 -0.66788311422437 -0.07786351711092 0.11855075901610 -0.12344394058982 0.24163506188072 -0.29468482907868 -0.31378842747328
-0.09685643380275 0.45026462566422 0.22643014410186 0.62083474736111 0.04213290995346 0.14892931734248 0.06821726159791 -0.00858727322873 0.44624025784543 0.04881134496792 0.34279437359887 0.01984619276648 -0.05547049353463
-0.05476240946554 -0.54004726464387 0.31493017588738 -0.25591986859690 -0.14895667272329 -0.02885168715645 0.09393832957703 -0.05762174537928 0.39493258707664 -0.29859812155899 0.45278897533778 0.17418296618126 -0.15817301191892
-0.17690741750476 0.21148554743877 0.14234541092134 -0.21455351048332 0.46382736392884 -0.04992923452822 0.01872493644158 -0.32045139419776 -0.48350873615365 0.00033652691166 0.54657997332974 -0.05664345262797 -0.03570397105989
0.19487090730029 -0.05804830695692 -0.59175646495389 0.04583076070872 0.28570442645651 0.16277155723105 0.29616913998369 0.17613685784134 0.07239903828681 -0.19468097191968 0.24999141655905 0.37350811919213 0.36656687625627
-0.07583868422092 0.26321884164590 -0.31901886477271 -0.12676310631964 -0.69388957572892 -0.02559472707196 0.14841115148246 -0.46294883352581 -0.01946158326913 -0.08293600915861 0.19971585404655 -0.10890838855771 0.17214091370989
-0.16588938961680 -0.15565393300910 0.21650847904072 0.37324486631876 -0.08374139866655 0.04661025595202 -0.34770875660222 -0.05425824485358 -0.29225960566986 -0.55625908340135 -0.06975083915730 0.05067596553137 0.47619466548884
-0.03397722316232 -0.00621238946453 0.10854234122455 -0.23422718079198 -0.00556869029451 0.13064500077155 -0.47923804799320 -0.11910331821127 0.21703690817572 0.53750321095530 0.08922614373792 0.30338183345608 0.48496674728927
0.11758909003090 -0.10304504243554 -0.00085558732988 0.02638878934835 0.40020247383799 -0.11831792512989 0.14002309253512 -0.67415721035316 0.36663842569912 -0.10712629682431 -0.34607763900661 -0.18513876141296 0.16326662502339
